animal,Slice,MeanGCaMP,MeanBackground,Fluor,Fnaut,signal,time
20200811_AWC_Is_odr1p_HEX_IAA_10K__4_reg.tif,1,304.372,225.375,78.99700000000001,78.22959999999999,0.009809586141307426,0.25
20200811_AWC_Is_odr1p_HEX_IAA_10K__4_reg.tif,2,302.895,224.542,78.35299999999998,78.22959999999999,0.0015774080399233734,0.5
20200811_AWC_Is_odr1p_HEX_IAA_10K__4_reg.tif,3,303.285,224.708,78.57700000000003,78.22959999999999,0.0044407743360573996,0.75
20200811_AWC_Is_odr1p_HEX_IAA_10K__4_reg.tif,4,302.756,224.312,78.44399999999996,78.22959999999999,0.002740650597727322,1
20200811_AWC_Is_odr1p_HEX_IAA_10K__4_reg.tif,5,303.006,223.562,79.44399999999996,78.22959999999999,0.015523535848323005,1.25
20200811_AWC_Is_odr1p_HEX_IAA_10K__4_reg.tif,6,302.622,224.979,77.643,78.22959999999999,-0.007498440487999301,1.5
20200811_AWC_Is_odr1p_HEX_IAA_10K__4_reg.tif,7,302.703,224.354,78.34899999999996,78.22959999999999,0.0015262764989207465,1.75
20200811_AWC_Is_odr1p_HEX_IAA_10K__4_reg.tif,8,302.814,224.938,77.87600000000003,78.22959999999999,-0.004520028224610091,2
20200811_AWC_Is_odr1p_HEX_IAA_10K__4_reg.tif,9,302.907,224.417,78.48999999999998,78.22959999999999,0.003328663319254988,2.25
20200811_AWC_Is_odr1p_HEX_IAA_10K__4_reg.tif,10,303.012,224.25,78.762,78.22959999999999,0.006805608107417267,2.5
20200811_AWC_Is_odr1p_HEX_IAA_10K__4_reg.tif,11,303.674,223.917,79.75699999999998,78.22959999999999,0.019524578931759667,2.75
20200811_AWC_Is_odr1p_HEX_IAA_10K__4_reg.tif,12,303.599,224.083,79.51599999999999,78.22959999999999,0.016443903586366295,3
20200811_AWC_Is_odr1p_HEX_IAA_10K__4_reg.tif,13,302.326,224.854,77.47200000000001,78.22959999999999,-0.009684313865851064,3.25
20200811_AWC_Is_odr1p_HEX_IAA_10K__4_reg.tif,14,301.547,224.604,76.94300000000001,78.22959999999999,-0.016446460163416134,3.5
20200811_AWC_Is_odr1p_HEX_IAA_10K__4_reg.tif,15,302.872,225,77.87200000000001,78.22959999999999,-0.004571159765612717,3.75
20200811_AWC_Is_odr1p_HEX_IAA_10K__4_reg.tif,16,302.983,225.229,77.75399999999999,78.22959999999999,-0.006079540225183307,4
20200811_AWC_Is_odr1p_HEX_IAA_10K__4_reg.tif,17,301.616,224.792,76.82399999999998,78.22959999999999,-0.01796762350823738,4.25
20200811_AWC_Is_odr1p_HEX_IAA_10K__4_reg.tif,18,302.401,224.062,78.339,78.22959999999999,0.0013984476464152693,4.5
20200811_AWC_Is_odr1p_HEX_IAA_10K__4_reg.tif,19,301.442,224.479,76.963,78.22959999999999,-0.016190802458404454,4.75
20200811_AWC_Is_odr1p_HEX_IAA_10K__4_reg.tif,20,302.384,224.167,78.21700000000001,78.22959999999999,-1.6106435415722106e-4,5
20200811_AWC_Is_odr1p_HEX_IAA_10K__4_reg.tif,21,301.971,224.021,77.95000000000002,78.22959999999999,-0.003574094716066216,5.25
20200811_AWC_Is_odr1p_HEX_IAA_10K__4_reg.tif,22,301.878,224.604,77.27399999999997,78.22959999999999,-0.012215325145469469,5.5
20200811_AWC_Is_odr1p_HEX_IAA_10K__4_reg.tif,23,301.529,223.979,77.54999999999998,78.22959999999999,-0.008687248816304926,5.75
20200811_AWC_Is_odr1p_HEX_IAA_10K__4_reg.tif,24,301.012,223.208,77.804,78.22959999999999,-0.005440395962653378,6
20200811_AWC_Is_odr1p_HEX_IAA_10K__4_reg.tif,25,301.849,224,77.84899999999999,78.22959999999999,-0.004865166126376732,6.25
20200811_AWC_Is_odr1p_HEX_IAA_10K__4_reg.tif,26,301.384,223.125,78.25900000000001,78.22959999999999,3.75816826367818e-4,6.5
20200811_AWC_Is_odr1p_HEX_IAA_10K__4_reg.tif,27,300.308,223.229,77.07899999999998,78.22959999999999,-0.01470798776933554,6.75
20200811_AWC_Is_odr1p_HEX_IAA_10K__4_reg.tif,28,301.209,223.604,77.60499999999999,78.22959999999999,-0.007984190127522077,7
20200811_AWC_Is_odr1p_HEX_IAA_10K__4_reg.tif,29,300.884,224.146,76.73800000000003,78.22959999999999,-0.019066951639788044,7.25
20200811_AWC_Is_odr1p_HEX_IAA_10K__4_reg.tif,30,301.14,225.104,76.03599999999997,78.22959999999999,-0.028040537085706918,7.5
20200811_AWC_Is_odr1p_HEX_IAA_10K__4_reg.tif,31,300.965,223.812,77.15299999999996,78.22959999999999,-0.013762054260791665,7.75
20200811_AWC_Is_odr1p_HEX_IAA_10K__4_reg.tif,32,300.11,222.979,77.131,78.22959999999999,-0.014043277736304297,8
20200811_AWC_Is_odr1p_HEX_IAA_10K__4_reg.tif,33,300.459,223.771,76.68800000000002,78.22959999999999,-0.019706095902317974,8.25
20200811_AWC_Is_odr1p_HEX_IAA_10K__4_reg.tif,34,300.953,224.771,76.18199999999999,78.22959999999999,-0.026174235839119757,8.5
20200811_AWC_Is_odr1p_HEX_IAA_10K__4_reg.tif,35,300.744,223.604,77.14000000000001,78.22959999999999,-0.01392823176904875,8.75
20200811_AWC_Is_odr1p_HEX_IAA_10K__4_reg.tif,36,300.366,224.625,75.74099999999999,78.22959999999999,-0.031811488234632486,9
20200811_AWC_Is_odr1p_HEX_IAA_10K__4_reg.tif,37,300.651,224.375,76.27600000000001,78.22959999999999,-0.024972644625563475,9.25
20200811_AWC_Is_odr1p_HEX_IAA_10K__4_reg.tif,38,300.25,225.312,74.93799999999999,78.22959999999999,-0.042076145090860786,9.5
20200811_AWC_Is_odr1p_HEX_IAA_10K__4_reg.tif,39,300.128,224.604,75.52399999999997,78.22959999999999,-0.03458537433401192,9.75
20200811_AWC_Is_odr1p_HEX_IAA_10K__4_reg.tif,40,301.238,224.729,76.50899999999999,78.22959999999999,-0.021994232362174994,10
20200811_AWC_Is_odr1p_HEX_IAA_10K__4_reg.tif,41,300.971,223.312,77.65899999999999,78.22959999999999,-0.007293914323989883,10.25
20200811_AWC_Is_odr1p_HEX_IAA_10K__4_reg.tif,42,300.337,223.958,76.37899999999999,78.22959999999999,-0.023656007444752374,10.5
20200811_AWC_Is_odr1p_HEX_IAA_10K__4_reg.tif,43,300.157,224.042,76.11499999999998,78.22959999999999,-0.02703068915090976,10.75
20200811_AWC_Is_odr1p_HEX_IAA_10K__4_reg.tif,44,300.529,225.062,75.46699999999998,78.22959999999999,-0.03531399879329571,11
20200811_AWC_Is_odr1p_HEX_IAA_10K__4_reg.tif,45,300.878,224.729,76.14899999999997,78.22959999999999,-0.026596071052389612,11.25
20200811_AWC_Is_odr1p_HEX_IAA_10K__4_reg.tif,46,300.023,224,76.02300000000002,78.22959999999999,-0.028206714593964004,11.5
20200811_AWC_Is_odr1p_HEX_IAA_10K__4_reg.tif,47,299.442,223.917,75.525,78.22959999999999,-0.034572591448760896,11.75
20200811_AWC_Is_odr1p_HEX_IAA_10K__4_reg.tif,48,300.36,224.521,75.83900000000003,78.22959999999999,-0.030558765480073576,12
20200811_AWC_Is_odr1p_HEX_IAA_10K__4_reg.tif,49,300.75,224.25,76.5,78.22959999999999,-0.022109278329430177,12.25
20200811_AWC_Is_odr1p_HEX_IAA_10K__4_reg.tif,50,300.116,223.812,76.30399999999997,78.22959999999999,-0.024614723838547268,12.5
20200811_AWC_Is_odr1p_HEX_IAA_10K__4_reg.tif,51,300.029,224,76.029,78.22959999999999,-0.02813001728246079,12.75
20200811_AWC_Is_odr1p_HEX_IAA_10K__4_reg.tif,52,299.523,223.625,75.89800000000002,78.22959999999999,-0.029804575250288463,13
20200811_AWC_Is_odr1p_HEX_IAA_10K__4_reg.tif,53,300.169,223.229,76.93999999999997,78.22959999999999,-0.01648480881916847,13.25
20200811_AWC_Is_odr1p_HEX_IAA_10K__4_reg.tif,54,300.169,224.479,75.68999999999997,78.22959999999999,-0.032463415382413076,13.5
20200811_AWC_Is_odr1p_HEX_IAA_10K__4_reg.tif,55,300.988,223.979,77.00899999999999,78.22959999999999,-0.01560278973687715,13.75
20200811_AWC_Is_odr1p_HEX_IAA_10K__4_reg.tif,56,299.616,223.729,75.88699999999997,78.22959999999999,-0.02994518698804569,14
20200811_AWC_Is_odr1p_HEX_IAA_10K__4_reg.tif,57,300.291,224.229,76.06199999999998,78.22959999999999,-0.027708182069191296,14.25
20200811_AWC_Is_odr1p_HEX_IAA_10K__4_reg.tif,58,300.221,224.271,75.95000000000002,78.22959999999999,-0.029139865217257584,14.5
20200811_AWC_Is_odr1p_HEX_IAA_10K__4_reg.tif,59,299.459,222.5,76.959,78.22959999999999,-0.016241933999406717,14.75
20200811_AWC_Is_odr1p_HEX_IAA_10K__4_reg.tif,60,299.762,223.854,75.90799999999999,78.22959999999999,-0.029676746397782987,15
20200811_AWC_Is_odr1p_HEX_IAA_10K__4_reg.tif,61,298.907,223.625,75.28199999999998,78.22959999999999,-0.03767883256465594,15.25
20200811_AWC_Is_odr1p_HEX_IAA_10K__4_reg.tif,62,299.797,222.833,76.96400000000003,78.22959999999999,-0.016178019573153433,15.5
20200811_AWC_Is_odr1p_HEX_IAA_10K__4_reg.tif,63,300.116,223.354,76.76199999999997,78.22959999999999,-0.018760162393774465,15.75
20200811_AWC_Is_odr1p_HEX_IAA_10K__4_reg.tif,64,299.576,224.479,75.09700000000001,78.22959999999999,-0.04004366633601581,16
20200811_AWC_Is_odr1p_HEX_IAA_10K__4_reg.tif,65,298.93,223.458,75.47200000000001,78.22959999999999,-0.03525008436704243,16.25
20200811_AWC_Is_odr1p_HEX_IAA_10K__4_reg.tif,66,299.779,222.875,76.904,78.22959999999999,-0.016944992688189567,16.5
20200811_AWC_Is_odr1p_HEX_IAA_10K__4_reg.tif,67,298.994,222.146,76.84800000000004,78.22959999999999,-0.017660834262222345,16.75
20200811_AWC_Is_odr1p_HEX_IAA_10K__4_reg.tif,68,299.541,222.375,77.166,78.22959999999999,-0.013595876752533492,17
20200811_AWC_Is_odr1p_HEX_IAA_10K__4_reg.tif,69,299.099,223.417,75.68199999999999,78.22959999999999,-0.0325656784644176,17.25
20200811_AWC_Is_odr1p_HEX_IAA_10K__4_reg.tif,70,298.512,223.833,74.679,78.22959999999999,-0.04538691237076489,17.5
20200811_AWC_Is_odr1p_HEX_IAA_10K__4_reg.tif,71,297.221,224.354,72.86699999999999,78.22959999999999,-0.06854950044484442,17.75
20200811_AWC_Is_odr1p_HEX_IAA_10K__4_reg.tif,72,297.366,221.271,76.095,78.22959999999999,-0.027286346855921444,18
20200811_AWC_Is_odr1p_HEX_IAA_10K__4_reg.tif,73,296.971,223.396,73.57500000000002,78.22959999999999,-0.059499217687422334,18.25
20200811_AWC_Is_odr1p_HEX_IAA_10K__4_reg.tif,74,298.093,223.417,74.67600000000002,78.22959999999999,-0.0454252610265165,18.5
20200811_AWC_Is_odr1p_HEX_IAA_10K__4_reg.tif,75,297.017,223.958,73.059,78.22959999999999,-0.06609518647672996,18.75
20200811_AWC_Is_odr1p_HEX_IAA_10K__4_reg.tif,76,296.901,224.042,72.85900000000001,78.22959999999999,-0.06865176352684894,19
20200811_AWC_Is_odr1p_HEX_IAA_10K__4_reg.tif,77,297.535,224.792,72.74300000000002,78.22959999999999,-0.07013457821591786,19.25
20200811_AWC_Is_odr1p_HEX_IAA_10K__4_reg.tif,78,297.564,224.417,73.14700000000002,78.22959999999999,-0.06497029257467725,19.5
20200811_AWC_Is_odr1p_HEX_IAA_10K__4_reg.tif,79,297.413,223.583,73.83000000000001,78.22959999999999,-0.056239581948520495,19.75
20200811_AWC_Is_odr1p_HEX_IAA_10K__4_reg.tif,80,297.099,223.729,73.36999999999998,78.22959999999999,-0.06211970916379497,20
20200811_AWC_Is_odr1p_HEX_IAA_10K__4_reg.tif,81,297.256,223.229,74.02699999999996,78.22959999999999,-0.05372135355415383,20.25
20200811_AWC_Is_odr1p_HEX_IAA_10K__4_reg.tif,82,297.541,223.229,74.31199999999998,78.22959999999999,-0.050078231257733745,20.5
20200811_AWC_Is_odr1p_HEX_IAA_10K__4_reg.tif,83,297.849,223.958,73.89099999999999,78.22959999999999,-0.055459825948234426,20.75
20200811_AWC_Is_odr1p_HEX_IAA_10K__4_reg.tif,84,297.86,223.896,73.96400000000003,78.22959999999999,-0.05452667532494049,21
20200811_AWC_Is_odr1p_HEX_IAA_10K__4_reg.tif,85,297.953,225.708,72.24499999999998,78.22959999999999,-0.07650045507071512,21.25
20200811_AWC_Is_odr1p_HEX_IAA_10K__4_reg.tif,86,297.948,224.729,73.21899999999997,78.22959999999999,-0.06404992483663506,21.5
20200811_AWC_Is_odr1p_HEX_IAA_10K__4_reg.tif,87,298,224,74,78.22959999999999,-0.05406649145591939,21.75
20200811_AWC_Is_odr1p_HEX_IAA_10K__4_reg.tif,88,296.965,224.604,72.36099999999996,78.22959999999999,-0.0750176403816462,22
20200811_AWC_Is_odr1p_HEX_IAA_10K__4_reg.tif,89,298.337,223.125,75.21199999999999,78.22959999999999,-0.03857363453219756,22.25
20200811_AWC_Is_odr1p_HEX_IAA_10K__4_reg.tif,90,298.302,223.542,74.76000000000002,78.22959999999999,-0.04435149866546642,22.5
20200811_AWC_Is_odr1p_HEX_IAA_10K__4_reg.tif,91,298.279,223.25,75.029,78.22959999999999,-0.040912902533056475,22.75
20200811_AWC_Is_odr1p_HEX_IAA_10K__4_reg.tif,92,298.192,224.375,73.81700000000001,78.22959999999999,-0.0564057594567783,23
20200811_AWC_Is_odr1p_HEX_IAA_10K__4_reg.tif,93,298.279,224.875,73.404,78.22959999999999,-0.06168509106527446,23.25
20200811_AWC_Is_odr1p_HEX_IAA_10K__4_reg.tif,94,297.977,225.292,72.68499999999997,78.22959999999999,-0.07087598556045305,23.5
20200811_AWC_Is_odr1p_HEX_IAA_10K__4_reg.tif,95,297.843,225.375,72.46800000000002,78.22959999999999,-0.07364987165983175,23.75
20200811_AWC_Is_odr1p_HEX_IAA_10K__4_reg.tif,96,297.924,224.438,73.48599999999999,78.22959999999999,-0.06063689447472569,24
20200811_AWC_Is_odr1p_HEX_IAA_10K__4_reg.tif,97,297.86,223.375,74.48500000000001,78.22959999999999,-0.0478667921093803,24.25
20200811_AWC_Is_odr1p_HEX_IAA_10K__4_reg.tif,98,297.233,222.5,74.733,78.22959999999999,-0.044696636567232696,24.5
20200811_AWC_Is_odr1p_HEX_IAA_10K__4_reg.tif,99,297.442,223.167,74.275,78.22959999999999,-0.0505511980120055,24.75
20200811_AWC_Is_odr1p_HEX_IAA_10K__4_reg.tif,100,296.965,223.854,73.11099999999996,78.22959999999999,-0.06543047644369944,25
20200811_AWC_Is_odr1p_HEX_IAA_10K__4_reg.tif,101,297.907,223.5,74.40699999999998,78.22959999999999,-0.04886385715892717,25.25
20200811_AWC_Is_odr1p_HEX_IAA_10K__4_reg.tif,102,297.843,224.875,72.96800000000002,78.22959999999999,-0.06725842903453391,25.5
20200811_AWC_Is_odr1p_HEX_IAA_10K__4_reg.tif,103,297.779,224.75,73.029,78.22959999999999,-0.06647867303424784,25.75
20200811_AWC_Is_odr1p_HEX_IAA_10K__4_reg.tif,104,297.227,223.688,73.53899999999999,78.22959999999999,-0.05995940155644416,26
20200811_AWC_Is_odr1p_HEX_IAA_10K__4_reg.tif,105,297.331,225,72.33100000000002,78.22959999999999,-0.07540112693916336,26.25
20200811_AWC_Is_odr1p_HEX_IAA_10K__4_reg.tif,106,296.971,223.021,73.95000000000002,78.22959999999999,-0.054705635718448956,26.5
20200811_AWC_Is_odr1p_HEX_IAA_10K__4_reg.tif,107,297.052,222.354,74.69800000000001,78.22959999999999,-0.045144037551003505,26.75
20200811_AWC_Is_odr1p_HEX_IAA_10K__4_reg.tif,108,297.116,223.312,73.80399999999997,78.22959999999999,-0.05657193696503648,27
20200811_AWC_Is_odr1p_HEX_IAA_10K__4_reg.tif,109,296.581,224.438,72.14300000000003,78.22959999999999,-0.07780430936627519,27.25
20200811_AWC_Is_odr1p_HEX_IAA_10K__4_reg.tif,110,296.942,223.688,73.25400000000002,78.22959999999999,-0.06360252385286352,27.5
20200811_AWC_Is_odr1p_HEX_IAA_10K__4_reg.tif,111,297.047,224.875,72.17200000000003,78.22959999999999,-0.07743360569400796,27.75
20200811_AWC_Is_odr1p_HEX_IAA_10K__4_reg.tif,112,297.169,223.229,73.93999999999997,78.22959999999999,-0.05483346457095552,28
20200811_AWC_Is_odr1p_HEX_IAA_10K__4_reg.tif,113,297.674,224.104,73.56999999999996,78.22959999999999,-0.05956313211367598,28.25
20200811_AWC_Is_odr1p_HEX_IAA_10K__4_reg.tif,114,297.703,223.646,74.05699999999999,78.22959999999999,-0.053337866996635584,28.5
20200811_AWC_Is_odr1p_HEX_IAA_10K__4_reg.tif,115,296.424,224.25,72.17399999999998,78.22959999999999,-0.07740803992350738,28.75
20200811_AWC_Is_odr1p_HEX_IAA_10K__4_reg.tif,116,297.25,224.062,73.18799999999999,78.22959999999999,-0.06444619427940323,29
20200811_AWC_Is_odr1p_HEX_IAA_10K__4_reg.tif,117,297.215,223.917,73.29799999999997,78.22959999999999,-0.0630400769018379,29.25
20200811_AWC_Is_odr1p_HEX_IAA_10K__4_reg.tif,118,296.983,223.417,73.566,78.22959999999999,-0.05961426365467788,29.5
20200811_AWC_Is_odr1p_HEX_IAA_10K__4_reg.tif,119,296.953,223.5,73.45299999999997,78.22959999999999,-0.06105872968799555,29.75
20200811_AWC_Is_odr1p_HEX_IAA_10K__4_reg.tif,120,296.366,223.917,72.44899999999998,78.22959999999999,-0.0738927464795935,30
20200811_AWC_Is_odr1p_HEX_IAA_10K__4_reg.tif,121,297.047,223.125,73.92200000000003,78.22959999999999,-0.05506355650546552,30.25
20200811_AWC_Is_odr1p_HEX_IAA_10K__4_reg.tif,122,296.471,222.917,73.554,78.22959999999999,-0.059767658277685036,30.5
20200811_AWC_Is_odr1p_HEX_IAA_10K__4_reg.tif,123,296.099,222.583,73.51599999999999,78.22959999999999,-0.06025340791720781,30.75
20200811_AWC_Is_odr1p_HEX_IAA_10K__4_reg.tif,124,295.558,222.583,72.975,78.22959999999999,-0.06716894883778003,31
20200811_AWC_Is_odr1p_HEX_IAA_10K__4_reg.tif,125,295.023,223.438,71.58500000000004,78.22959999999999,-0.0849371593361075,31.25
20200811_AWC_Is_odr1p_HEX_IAA_10K__4_reg.tif,126,295.087,222.958,72.12899999999999,78.22959999999999,-0.07798326975978404,31.5
20200811_AWC_Is_odr1p_HEX_IAA_10K__4_reg.tif,127,295.192,222.25,72.94200000000001,78.22959999999999,-0.06759078405104953,31.75
20200811_AWC_Is_odr1p_HEX_IAA_10K__4_reg.tif,128,295.128,222.104,73.02399999999997,78.22959999999999,-0.06654258746050112,32
20200811_AWC_Is_odr1p_HEX_IAA_10K__4_reg.tif,129,294.645,221.625,73.01999999999998,78.22959999999999,-0.06659371900150339,32.25
20200811_AWC_Is_odr1p_HEX_IAA_10K__4_reg.tif,130,295.047,222.771,72.27600000000004,78.22959999999999,-0.07610418562794585,32.5
20200811_AWC_Is_odr1p_HEX_IAA_10K__4_reg.tif,131,294.483,221.729,72.75399999999999,78.22959999999999,-0.06999396647816172,32.75
20200811_AWC_Is_odr1p_HEX_IAA_10K__4_reg.tif,132,294.343,223.125,71.21800000000002,78.22959999999999,-0.08962847822307635,33
20200811_AWC_Is_odr1p_HEX_IAA_10K__4_reg.tif,133,294.924,222.667,72.25699999999998,78.22959999999999,-0.07634706044770796,33.25
20200811_AWC_Is_odr1p_HEX_IAA_10K__4_reg.tif,134,294.285,222.417,71.86800000000002,78.22959999999999,-0.08131960281018909,33.5
20200811_AWC_Is_odr1p_HEX_IAA_10K__4_reg.tif,135,293.948,222.208,71.73999999999998,78.22959999999999,-0.08295581212226588,33.75
20200811_AWC_Is_odr1p_HEX_IAA_10K__4_reg.tif,136,293.57,222.854,70.71599999999998,78.22959999999999,-0.09604548661887587,34
20200811_AWC_Is_odr1p_HEX_IAA_10K__4_reg.tif,137,293.378,221.646,71.732,78.22959999999999,-0.0830580752042704,34.25
20200811_AWC_Is_odr1p_HEX_IAA_10K__4_reg.tif,138,293.244,221.229,72.01500000000001,78.22959999999999,-0.07944051867835163,34.5
20200811_AWC_Is_odr1p_HEX_IAA_10K__4_reg.tif,139,293.68,222.312,71.368,78.22959999999999,-0.08771104543548729,34.75
20200811_AWC_Is_odr1p_HEX_IAA_10K__4_reg.tif,140,292.988,221.604,71.38399999999999,78.22959999999999,-0.08750651927147787,35
20200811_AWC_Is_odr1p_HEX_IAA_10K__4_reg.tif,141,292.878,221.417,71.46099999999998,78.22959999999999,-0.08652223710718203,35.25
20200811_AWC_Is_odr1p_HEX_IAA_10K__4_reg.tif,142,293.349,222.667,70.68199999999999,78.22959999999999,-0.09648010471739601,35.5
20200811_AWC_Is_odr1p_HEX_IAA_10K__4_reg.tif,143,292.977,222.792,70.18499999999997,78.22959999999999,-0.10283319868694225,35.75
20200811_AWC_Is_odr1p_HEX_IAA_10K__4_reg.tif,144,292.75,222.083,70.667,78.22959999999999,-0.09667184799615477,36
20200811_AWC_Is_odr1p_HEX_IAA_10K__4_reg.tif,145,292.953,221.646,71.30699999999999,78.22959999999999,-0.08849080143577372,36.25
20200811_AWC_Is_odr1p_HEX_IAA_10K__4_reg.tif,146,292.308,221.062,71.24599999999998,78.22959999999999,-0.08927055743606015,36.5
20200811_AWC_Is_odr1p_HEX_IAA_10K__4_reg.tif,147,292.105,221.375,70.73000000000002,78.22959999999999,-0.09586652622536704,36.75
20200811_AWC_Is_odr1p_HEX_IAA_10K__4_reg.tif,148,293.198,222.625,70.57299999999998,78.22959999999999,-0.09787343920971106,37
20200811_AWC_Is_odr1p_HEX_IAA_10K__4_reg.tif,149,293.436,221.812,71.62399999999997,78.22959999999999,-0.08443862681133515,37.25
20200811_AWC_Is_odr1p_HEX_IAA_10K__4_reg.tif,150,291.994,222.479,69.51500000000001,78.22959999999999,-0.11139773180484085,37.5
20200811_AWC_Is_odr1p_HEX_IAA_10K__4_reg.tif,151,293.116,222.562,70.55399999999997,78.22959999999999,-0.09811631402947245,37.75
20200811_AWC_Is_odr1p_HEX_IAA_10K__4_reg.tif,152,292.547,222.229,70.31800000000001,78.22959999999999,-0.10113307494861254,38
20200811_AWC_Is_odr1p_HEX_IAA_10K__4_reg.tif,153,291.401,224.042,67.35900000000001,78.22959999999999,-0.1389576324051252,38.25
20200811_AWC_Is_odr1p_HEX_IAA_10K__4_reg.tif,154,291.686,221.708,69.97799999999998,78.22959999999999,-0.10547925593381548,38.5
20200811_AWC_Is_odr1p_HEX_IAA_10K__4_reg.tif,155,292.448,221.708,70.73999999999998,78.22959999999999,-0.09573869737286156,38.75
20200811_AWC_Is_odr1p_HEX_IAA_10K__4_reg.tif,156,292.099,223.833,68.26599999999999,78.22959999999999,-0.12736355548283515,39
20200811_AWC_Is_odr1p_HEX_IAA_10K__4_reg.tif,157,292.517,222.812,69.70499999999998,78.22959999999999,-0.10896898360722805,39.25
20200811_AWC_Is_odr1p_HEX_IAA_10K__4_reg.tif,158,291.878,223.25,68.62799999999999,78.22959999999999,-0.12273615102211959,39.5
20200811_AWC_Is_odr1p_HEX_IAA_10K__4_reg.tif,159,291.814,223.104,68.71000000000001,78.22959999999999,-0.12168795443157045,39.75
20200811_AWC_Is_odr1p_HEX_IAA_10K__4_reg.tif,160,291.948,223.375,68.57299999999998,78.22959999999999,-0.12343920971090243,40
20200811_AWC_Is_odr1p_HEX_IAA_10K__4_reg.tif,161,291.61,223.271,68.33900000000003,78.22959999999999,-0.1264304048595412,40.25
20200811_AWC_Is_odr1p_HEX_IAA_10K__4_reg.tif,162,291.442,223.208,68.23400000000001,78.22959999999999,-0.12777260781085398,40.5
20200811_AWC_Is_odr1p_HEX_IAA_10K__4_reg.tif,163,290.983,223.479,67.50399999999999,78.22959999999999,-0.13710411404378905,40.75
20200811_AWC_Is_odr1p_HEX_IAA_10K__4_reg.tif,164,291.587,222.479,69.10799999999998,78.22959999999999,-0.11660036610183379,41
20200811_AWC_Is_odr1p_HEX_IAA_10K__4_reg.tif,165,291.221,222.792,68.429,78.22959999999999,-0.12527994518698793,41.25
20200811_AWC_Is_odr1p_HEX_IAA_10K__4_reg.tif,166,290.913,223.062,67.851,78.22959999999999,-0.13266845286183226,41.5
20200811_AWC_Is_odr1p_HEX_IAA_10K__4_reg.tif,167,289.884,222.938,66.94600000000003,78.22959999999999,-0.14423696401362102,41.75
20200811_AWC_Is_odr1p_HEX_IAA_10K__4_reg.tif,168,290.465,222.375,68.089999999999975,78.22959999999999,-0.12961334328694019,42
20200811_AWC_Is_odr1p_HEX_IAA_10K__4_reg.tif,169,290.576,222.146,68.43000000000004,78.22959999999999,-0.1252671623017369,42.25
20200811_AWC_Is_odr1p_HEX_IAA_10K__4_reg.tif,170,291,222.625,68.375,78.22959999999999,-0.1259702209905201,42.5
20200811_AWC_Is_odr1p_HEX_IAA_10K__4_reg.tif,171,290.843,222.188,68.65500000000003,78.22959999999999,-0.12239101312035294,42.75
20200811_AWC_Is_odr1p_HEX_IAA_10K__4_reg.tif,172,291.134,223.167,67.96700000000001,78.22959999999999,-0.131185638172763,43
20200811_AWC_Is_odr1p_HEX_IAA_10K__4_reg.tif,173,290.698,222.125,68.57299999999998,78.22959999999999,-0.12343920971090243,43.25
20200811_AWC_Is_odr1p_HEX_IAA_10K__4_reg.tif,174,290.831,223.292,67.53900000000002,78.22959999999999,-0.1366567130600179,43.5
20200811_AWC_Is_odr1p_HEX_IAA_10K__4_reg.tif,175,291.122,222.562,68.56,78.22959999999999,-0.12360538721915988,43.75
20200811_AWC_Is_odr1p_HEX_IAA_10K__4_reg.tif,176,290.808,222.979,67.82899999999998,78.22959999999999,-0.1329496763373456,44
20200811_AWC_Is_odr1p_HEX_IAA_10K__4_reg.tif,177,290.674,222.542,68.13199999999998,78.22959999999999,-0.12907646210641516,44.25
20200811_AWC_Is_odr1p_HEX_IAA_10K__4_reg.tif,178,290.506,222.083,68.42299999999997,78.22959999999999,-0.12535664249849185,44.5
20200811_AWC_Is_odr1p_HEX_IAA_10K__4_reg.tif,179,290.273,223.062,67.21100000000001,78.22959999999999,-0.1408494994222133,44.75
20200811_AWC_Is_odr1p_HEX_IAA_10K__4_reg.tif,180,289.837,222.479,67.35799999999998,78.22959999999999,-0.13897041529037624,45
20200811_AWC_Is_odr1p_HEX_IAA_10K__4_reg.tif,181,289.773,223.104,66.66900000000001,78.22959999999999,-0.1477778232280362,45.25
20200811_AWC_Is_odr1p_HEX_IAA_10K__4_reg.tif,182,289.663,221.396,68.26700000000002,78.22959999999999,-0.12735077259758412,45.5
20200811_AWC_Is_odr1p_HEX_IAA_10K__4_reg.tif,183,289.843,221.625,68.21800000000002,78.22959999999999,-0.1279771339748634,45.75
20200811_AWC_Is_odr1p_HEX_IAA_10K__4_reg.tif,184,289.227,222.854,66.37299999999996,78.22959999999999,-0.15156155726221315,46
20200811_AWC_Is_odr1p_HEX_IAA_10K__4_reg.tif,185,289.122,221.229,67.893,78.22959999999999,-0.1321315716813072,46.25
20200811_AWC_Is_odr1p_HEX_IAA_10K__4_reg.tif,186,289.64,221.417,68.22299999999998,78.22959999999999,-0.12791321954861085,46.5
20200811_AWC_Is_odr1p_HEX_IAA_10K__4_reg.tif,187,290.047,221.812,68.23500000000001,78.22959999999999,-0.12775982492560334,46.75
20200811_AWC_Is_odr1p_HEX_IAA_10K__4_reg.tif,188,289.227,222.562,66.66499999999996,78.22959999999999,-0.1478289547690392,47
20200811_AWC_Is_odr1p_HEX_IAA_10K__4_reg.tif,189,289.07,222.25,66.82,78.22959999999999,-0.1458476075551965,47.25
20200811_AWC_Is_odr1p_HEX_IAA_10K__4_reg.tif,190,289.326,222.229,67.09700000000001,78.22959999999999,-0.14230674834078127,47.5
20200811_AWC_Is_odr1p_HEX_IAA_10K__4_reg.tif,191,289.593,222.396,67.19700000000003,78.22959999999999,-0.14102845981572143,47.75
20200811_AWC_Is_odr1p_HEX_IAA_10K__4_reg.tif,192,288.785,221.5,67.285000000000025,78.22959999999999,-0.1399035659136691,48
20200811_AWC_Is_odr1p_HEX_IAA_10K__4_reg.tif,193,289.61,221.979,67.631,78.22959999999999,-0.1354806876169633,48.25
20200811_AWC_Is_odr1p_HEX_IAA_10K__4_reg.tif,194,289.198,220.854,68.34399999999997,78.22959999999999,-0.126366490433289,48.5
20200811_AWC_Is_odr1p_HEX_IAA_10K__4_reg.tif,195,289.32,221.479,67.84099999999998,78.22959999999999,-0.13279628171433847,48.75
20200811_AWC_Is_odr1p_HEX_IAA_10K__4_reg.tif,196,289.18,221.208,67.97200000000001,78.22959999999999,-0.13112172374651007,49
20200811_AWC_Is_odr1p_HEX_IAA_10K__4_reg.tif,197,288.61,220.667,67.94300000000001,78.22959999999999,-0.13149242741877729,49.25
20200811_AWC_Is_odr1p_HEX_IAA_10K__4_reg.tif,198,289.14,221.333,67.80699999999999,78.22959999999999,-0.1332308998128586,49.5
20200811_AWC_Is_odr1p_HEX_IAA_10K__4_reg.tif,199,288.605,222.604,66.001,78.22959999999999,-0.1563167905754342,49.75
20200811_AWC_Is_odr1p_HEX_IAA_10K__4_reg.tif,200,288.75,222.417,66.333,78.22959999999999,-0.15207287267223651,50
20200811_AWC_Is_odr1p_HEX_IAA_10K__4_reg.tif,201,288.75,221.292,67.458,78.22959999999999,-0.13769212676531636,50.25
20200811_AWC_Is_odr1p_HEX_IAA_10K__4_reg.tif,202,288.576,222.188,66.38800000000003,78.22959999999999,-0.1513698139834533,50.5
20200811_AWC_Is_odr1p_HEX_IAA_10K__4_reg.tif,203,287.779,221.083,66.696,78.22959999999999,-0.1474326853262703,50.75
20200811_AWC_Is_odr1p_HEX_IAA_10K__4_reg.tif,204,288.89,222.167,66.72299999999998,78.22959999999999,-0.14708754742450436,51
20200811_AWC_Is_odr1p_HEX_IAA_10K__4_reg.tif,205,287.93,220.896,67.03400000000002,78.22959999999999,-0.14311207011156865,51.25
20200811_AWC_Is_odr1p_HEX_IAA_10K__4_reg.tif,206,288.256,222.167,66.08899999999997,78.22959999999999,-0.15519189667338223,51.5
20200811_AWC_Is_odr1p_HEX_IAA_10K__4_reg.tif,207,287.227,221.062,66.16499999999996,78.22959999999999,-0.15422039739433704,51.75
20200811_AWC_Is_odr1p_HEX_IAA_10K__4_reg.tif,208,288.041,221.771,66.27000000000001,78.22959999999999,-0.1528781944430239,52
20200811_AWC_Is_odr1p_HEX_IAA_10K__4_reg.tif,209,287.907,221.75,66.15699999999998,78.22959999999999,-0.15432266047634155,52.25
20200811_AWC_Is_odr1p_HEX_IAA_10K__4_reg.tif,210,287.198,221.292,65.90599999999998,78.22959999999999,-0.15753116467424114,52.5
20200811_AWC_Is_odr1p_HEX_IAA_10K__4_reg.tif,211,287.5,220.875,66.625,78.22959999999999,-0.14834027017906257,52.75
20200811_AWC_Is_odr1p_HEX_IAA_10K__4_reg.tif,212,287.605,221.875,65.73000000000002,78.22959999999999,-0.15978095247834545,53
20200811_AWC_Is_odr1p_HEX_IAA_10K__4_reg.tif,213,287.436,221.417,66.01899999999998,78.22959999999999,-0.15608669864092384,53.25
20200811_AWC_Is_odr1p_HEX_IAA_10K__4_reg.tif,214,287.663,221.771,65.89200000000002,78.22959999999999,-0.15771012506774887,53.5
20200811_AWC_Is_odr1p_HEX_IAA_10K__4_reg.tif,215,286.645,222.208,64.43699999999998,78.22959999999999,-0.17630922310736613,53.75
20200811_AWC_Is_odr1p_HEX_IAA_10K__4_reg.tif,216,286.924,221.854,65.06999999999996,78.22959999999999,-0.16821765674373929,54
20200811_AWC_Is_odr1p_HEX_IAA_10K__4_reg.tif,217,285.547,222.542,63.005000000000024,78.22959999999999,-0.19461431478621863,54.25
20200811_AWC_Is_odr1p_HEX_IAA_10K__4_reg.tif,218,286.302,222.25,64.05200000000002,78.22959999999999,-0.18123063392884498,54.5
20200811_AWC_Is_odr1p_HEX_IAA_10K__4_reg.tif,219,286.163,221.688,64.47500000000002,78.22959999999999,-0.175823473467843,54.75
20200811_AWC_Is_odr1p_HEX_IAA_10K__4_reg.tif,220,286.366,223.208,63.15799999999999,78.22959999999999,-0.19265853334287797,55
20200811_AWC_Is_odr1p_HEX_IAA_10K__4_reg.tif,221,285.116,222.333,62.78299999999999,78.22959999999999,-0.19745211531185133,55.25
20200811_AWC_Is_odr1p_HEX_IAA_10K__4_reg.tif,222,285.826,221.708,64.11800000000002,78.22959999999999,-0.18038696350230563,55.5
20200811_AWC_Is_odr1p_HEX_IAA_10K__4_reg.tif,223,285.541,222.667,62.873999999999995,78.22959999999999,-0.19628887275404702,55.75
20200811_AWC_Is_odr1p_HEX_IAA_10K__4_reg.tif,224,285.715,221.917,63.79799999999997,78.22959999999999,-0.1844774867824969,56
20200811_AWC_Is_odr1p_HEX_IAA_10K__4_reg.tif,225,285.802,221.771,64.03100000000003,78.22959999999999,-0.18149907451910732,56.25
20200811_AWC_Is_odr1p_HEX_IAA_10K__4_reg.tif,226,284.645,221.833,62.81199999999998,78.22959999999999,-0.19708141163958412,56.5
20200811_AWC_Is_odr1p_HEX_IAA_10K__4_reg.tif,227,284.413,222.104,62.309,78.22959999999999,-0.20351120292063357,56.75
20200811_AWC_Is_odr1p_HEX_IAA_10K__4_reg.tif,228,285.116,221.917,63.198999999999984,78.22959999999999,-0.19213443504760358,57
20200811_AWC_Is_odr1p_HEX_IAA_10K__4_reg.tif,229,284.32,221.979,62.34099999999998,78.22959999999999,-0.20310215059261472,57.25
20200811_AWC_Is_odr1p_HEX_IAA_10K__4_reg.tif,230,285.07,221.667,63.40299999999999,78.22959999999999,-0.18952672645648197,57.5
20200811_AWC_Is_odr1p_HEX_IAA_10K__4_reg.tif,231,284.709,221.792,62.917,78.22959999999999,-0.19573920868827133,57.75
20200811_AWC_Is_odr1p_HEX_IAA_10K__4_reg.tif,232,284.285,221.438,62.84700000000004,78.22959999999999,-0.19663401065581257,58
20200811_AWC_Is_odr1p_HEX_IAA_10K__4_reg.tif,233,284.372,222.146,62.22600000000003,78.22959999999999,-0.20457218239643263,58.25
20200811_AWC_Is_odr1p_HEX_IAA_10K__4_reg.tif,234,284.262,221.771,62.491000000000014,78.22959999999999,-0.20118471780502495,58.5
20200811_AWC_Is_odr1p_HEX_IAA_10K__4_reg.tif,235,284.047,221.562,62.485000000000014,78.22959999999999,-0.2012614151165285,58.75
20200811_AWC_Is_odr1p_HEX_IAA_10K__4_reg.tif,236,284.372,221.271,63.10100000000003,78.22959999999999,-0.1933871578021614,59
20200811_AWC_Is_odr1p_HEX_IAA_10K__4_reg.tif,237,284.919,220.875,64.04399999999998,78.22959999999999,-0.18133289701085023,59.25
20200811_AWC_Is_odr1p_HEX_IAA_10K__4_reg.tif,238,284.733,221.771,62.96200000000002,78.22959999999999,-0.19516397885199432,59.5
20200811_AWC_Is_odr1p_HEX_IAA_10K__4_reg.tif,239,284.622,221.938,62.684000000000026,78.22959999999999,-0.19871762095165982,59.75
20200811_AWC_Is_odr1p_HEX_IAA_10K__4_reg.tif,240,283.953,221.542,62.41099999999997,78.22959999999999,-0.2022073486250731,60
20200811_AWC_Is_odr1p_HEX_IAA_10K__4_reg.tif,241,283.831,221.062,62.769000000000005,78.22959999999999,-0.19763107570535945,60.25
20200811_AWC_Is_odr1p_HEX_IAA_10K__4_reg.tif,242,283.808,221.5,62.30799999999999,78.22959999999999,-0.2035239858058842,60.5
20200811_AWC_Is_odr1p_HEX_IAA_10K__4_reg.tif,243,283.797,221.875,61.922000000000025,78.22959999999999,-0.20845817951261372,60.75
20200811_AWC_Is_odr1p_HEX_IAA_10K__4_reg.tif,244,284.372,222.292,62.08000000000001,78.22959999999999,-0.20643848364301978,61
20200811_AWC_Is_odr1p_HEX_IAA_10K__4_reg.tif,245,284.762,222.854,61.90799999999999,78.22959999999999,-0.20863713990612257,61.25
20200811_AWC_Is_odr1p_HEX_IAA_10K__4_reg.tif,246,283.907,222.958,60.948999999999984,78.22959999999999,-0.22089592686144385,61.5
20200811_AWC_Is_odr1p_HEX_IAA_10K__4_reg.tif,247,283.936,222.354,61.581999999999965,78.22959999999999,-0.21280436049781704,61.75
20200811_AWC_Is_odr1p_HEX_IAA_10K__4_reg.tif,248,284.203,222.042,62.16099999999997,78.22959999999999,-0.20540306993772203,62
20200811_AWC_Is_odr1p_HEX_IAA_10K__4_reg.tif,249,283.75,221.667,62.083,78.22959999999999,-0.20640013498726817,62.25
20200811_AWC_Is_odr1p_HEX_IAA_10K__4_reg.tif,250,283.64,221.271,62.369,78.22959999999999,-0.20274422980559778,62.5
20200811_AWC_Is_odr1p_HEX_IAA_10K__4_reg.tif,251,283.314,222.146,61.168000000000035,78.22959999999999,-0.21809647499156276,62.75
20200811_AWC_Is_odr1p_HEX_IAA_10K__4_reg.tif,252,283.866,222.854,61.01199999999997,78.22959999999999,-0.22009060509065648,63
20200811_AWC_Is_odr1p_HEX_IAA_10K__4_reg.tif,253,283.919,221,62.91899999999998,78.22959999999999,-0.19571364291777038,63.25
20200811_AWC_Is_odr1p_HEX_IAA_10K__4_reg.tif,254,282.866,222.021,60.845,78.22959999999999,-0.22222534692750562,63.5
20200811_AWC_Is_odr1p_HEX_IAA_10K__4_reg.tif,255,283.169,221.5,61.66899999999998,78.22959999999999,-0.21169224948101498,63.75
20200811_AWC_Is_odr1p_HEX_IAA_10K__4_reg.tif,256,283.791,220.833,62.958,78.22959999999999,-0.19521511039299694,64
20200811_AWC_Is_odr1p_HEX_IAA_10K__4_reg.tif,257,283.186,223.083,60.10299999999998,78.22959999999999,-0.23171024778344787,64.25
20200811_AWC_Is_odr1p_HEX_IAA_10K__4_reg.tif,258,282.93,222.729,60.20099999999999,78.22959999999999,-0.2304575250288893,64.5
20200811_AWC_Is_odr1p_HEX_IAA_10K__4_reg.tif,259,283.157,221.896,61.260999999999996,78.22959999999999,-0.21690766666325786,64.75
20200811_AWC_Is_odr1p_HEX_IAA_10K__4_reg.tif,260,283.837,222.188,61.649,78.22959999999999,-0.21194790718602666,65
20200811_AWC_Is_odr1p_HEX_IAA_10K__4_reg.tif,261,283.727,221.833,61.89399999999998,78.22959999999999,-0.20881610029963102,65.25
20200811_AWC_Is_odr1p_HEX_IAA_10K__4_reg.tif,262,283.395,221.542,61.85299999999998,78.22959999999999,-0.2093401985949054,65.5
20200811_AWC_Is_odr1p_HEX_IAA_10K__4_reg.tif,263,283.163,221.583,61.58000000000001,78.22959999999999,-0.21282992626831762,65.75
20200811_AWC_Is_odr1p_HEX_IAA_10K__4_reg.tif,264,283.047,223.375,59.672000000000025,78.22959999999999,-0.23721967132645402,66
20200811_AWC_Is_odr1p_HEX_IAA_10K__4_reg.tif,265,282.68,222.938,59.74200000000002,78.22959999999999,-0.23632486935891242,66.25
20200811_AWC_Is_odr1p_HEX_IAA_10K__4_reg.tif,266,283.029,222.667,60.361999999999995,78.22959999999999,-0.2283994805035434,66.5
20200811_AWC_Is_odr1p_HEX_IAA_10K__4_reg.tif,267,283.11,221.854,61.256,78.22959999999999,-0.21697158108951078,66.75
20200811_AWC_Is_odr1p_HEX_IAA_10K__4_reg.tif,268,283.395,222.583,60.81199999999998,78.22959999999999,-0.22264718214077547,67
20200811_AWC_Is_odr1p_HEX_IAA_10K__4_reg.tif,269,282.936,222.708,60.22799999999998,78.22959999999999,-0.2301123871271234,67.25
20200811_AWC_Is_odr1p_HEX_IAA_10K__4_reg.tif,270,283.43,221.625,61.80500000000001,78.22959999999999,-0.20995377708693366,67.5
20200811_AWC_Is_odr1p_HEX_IAA_10K__4_reg.tif,271,283.424,222.396,61.02799999999999,78.22959999999999,-0.21988607892664672,67.75
20200811_AWC_Is_odr1p_HEX_IAA_10K__4_reg.tif,272,283.041,221.938,61.10300000000001,78.22959999999999,-0.2189273625328518,68
20200811_AWC_Is_odr1p_HEX_IAA_10K__4_reg.tif,273,282.622,221.792,60.83000000000001,78.22959999999999,-0.22241709020626438,68.25
20200811_AWC_Is_odr1p_HEX_IAA_10K__4_reg.tif,274,283.221,221.458,61.763000000000005,78.22959999999999,-0.2104906582674587,68.5
20200811_AWC_Is_odr1p_HEX_IAA_10K__4_reg.tif,275,282.756,222.354,60.40199999999996,78.22959999999999,-0.22788816509352003,68.75
20200811_AWC_Is_odr1p_HEX_IAA_10K__4_reg.tif,276,282.64,221.917,60.722999999999985,78.22959999999999,-0.22378485892807848,69
20200811_AWC_Is_odr1p_HEX_IAA_10K__4_reg.tif,277,282.93,222.062,60.867999999999995,78.22959999999999,-0.22193134056674196,69.25
20200811_AWC_Is_odr1p_HEX_IAA_10K__4_reg.tif,278,283.262,221.75,61.512,78.22959999999999,-0.21369916246535828,69.5
20200811_AWC_Is_odr1p_HEX_IAA_10K__4_reg.tif,279,283.035,222.146,60.88900000000004,78.22959999999999,-0.2216628999764789,69.75
20200811_AWC_Is_odr1p_HEX_IAA_10K__4_reg.tif,280,282.994,222.333,60.66100000000003,78.22959999999999,-0.22457739781361483,70
20200811_AWC_Is_odr1p_HEX_IAA_10K__4_reg.tif,281,282.721,221.667,61.054,78.22959999999999,-0.2195537239101311,70.25
20200811_AWC_Is_odr1p_HEX_IAA_10K__4_reg.tif,282,283.733,222.333,61.400000000000006,78.22959999999999,-0.21513084561342494,70.5
20200811_AWC_Is_odr1p_HEX_IAA_10K__4_reg.tif,283,283.93,221.375,62.55500000000001,78.22959999999999,-0.2003666131489869,70.75
20200811_AWC_Is_odr1p_HEX_IAA_10K__4_reg.tif,284,282.948,222.271,60.67699999999999,78.22959999999999,-0.2243728716496058,71
20200811_AWC_Is_odr1p_HEX_IAA_10K__4_reg.tif,285,282.895,220.917,61.97799999999998,78.22959999999999,-0.20774233793858096,71.25
20200811_AWC_Is_odr1p_HEX_IAA_10K__4_reg.tif,286,282.576,221.146,61.430000000000035,78.22959999999999,-0.2147473590559067,71.5
20200811_AWC_Is_odr1p_HEX_IAA_10K__4_reg.tif,287,282.651,222.771,59.880000000000024,78.22959999999999,-0.23456083119433013,71.75
20200811_AWC_Is_odr1p_HEX_IAA_10K__4_reg.tif,288,282.622,222.229,60.393,78.22959999999999,-0.22800321106077484,72
20200811_AWC_Is_odr1p_HEX_IAA_10K__4_reg.tif,289,282.663,221.896,60.767000000000024,78.22959999999999,-0.22322241197705175,72.25
20200811_AWC_Is_odr1p_HEX_IAA_10K__4_reg.tif,290,283.227,221.417,61.809999999999974,78.22959999999999,-0.2098898626606811,72.5
20200811_AWC_Is_odr1p_HEX_IAA_10K__4_reg.tif,291,282.674,221.875,60.79899999999998,78.22959999999999,-0.2228133596490333,72.75
20200811_AWC_Is_odr1p_HEX_IAA_10K__4_reg.tif,292,282.57,221.354,61.21599999999998,78.22959999999999,-0.21748289649953487,73
20200811_AWC_Is_odr1p_HEX_IAA_10K__4_reg.tif,293,282.221,220.958,61.263000000000005,78.22959999999999,-0.21688210089275656,73.25
20200811_AWC_Is_odr1p_HEX_IAA_10K__4_reg.tif,294,282.198,221.104,61.093999999999966,78.22959999999999,-0.21904240850010773,73.5
20200811_AWC_Is_odr1p_HEX_IAA_10K__4_reg.tif,295,282.715,220.125,62.589999999999975,78.22959999999999,-0.19991921216521646,73.75
20200811_AWC_Is_odr1p_HEX_IAA_10K__4_reg.tif,296,281.75,222.396,59.35400000000001,78.22959999999999,-0.2412846288361436,74
20200811_AWC_Is_odr1p_HEX_IAA_10K__4_reg.tif,297,282.5,221.125,61.375,78.22959999999999,-0.2154504177446899,74.25
20200811_AWC_Is_odr1p_HEX_IAA_10K__4_reg.tif,298,281.895,221.458,60.43699999999998,78.22959999999999,-0.22744076410974887,74.5
20200811_AWC_Is_odr1p_HEX_IAA_10K__4_reg.tif,299,283.238,221.792,61.446,78.22959999999999,-0.21454283289189763,74.75
20200811_AWC_Is_odr1p_HEX_IAA_10K__4_reg.tif,300,281.733,221.542,60.191,78.22959999999999,-0.23058535388139514,75
20200811_AWC_Is_odr1p_HEX_IAA_10K__4_reg.tif,301,281.953,221.771,60.18199999999999,78.22959999999999,-0.2307003998486507,75.25
20200811_AWC_Is_odr1p_HEX_IAA_10K__4_reg.tif,302,282.477,221.229,61.24799999999996,78.22959999999999,-0.21707384417151604,75.5
20200811_AWC_Is_odr1p_HEX_IAA_10K__4_reg.tif,303,282.872,221.146,61.72600000000003,78.22959999999999,-0.21096362502173047,75.75
20200811_AWC_Is_odr1p_HEX_IAA_10K__4_reg.tif,304,282.122,220.75,61.372000000000014,78.22959999999999,-0.2154887664004415,76
20200811_AWC_Is_odr1p_HEX_IAA_10K__4_reg.tif,305,282.25,220.625,61.625,78.22959999999999,-0.21225469643204098,76.25
20200811_AWC_Is_odr1p_HEX_IAA_10K__4_reg.tif,306,282.407,220.688,61.718999999999994,78.22959999999999,-0.21105310521848505,76.5
20200811_AWC_Is_odr1p_HEX_IAA_10K__4_reg.tif,307,282.785,220.917,61.86800000000002,78.22959999999999,-0.20914845531614593,76.75
20200811_AWC_Is_odr1p_HEX_IAA_10K__4_reg.tif,308,282.314,221.729,60.58500000000001,78.22959999999999,-0.22554889709266038,77
20200811_AWC_Is_odr1p_HEX_IAA_10K__4_reg.tif,309,282.738,220.729,62.008999999999986,78.22959999999999,-0.2073460684958124,77.25
20200811_AWC_Is_odr1p_HEX_IAA_10K__4_reg.tif,310,281.366,220.396,60.97,78.22959999999999,-0.22062748627118117,77.5
20200811_AWC_Is_odr1p_HEX_IAA_10K__4_reg.tif,311,281.355,220.708,60.64700000000002,78.22959999999999,-0.2247563582071233,77.75
20200811_AWC_Is_odr1p_HEX_IAA_10K__4_reg.tif,312,282.105,221.875,60.23000000000002,78.22959999999999,-0.23008682135662173,78
20200811_AWC_Is_odr1p_HEX_IAA_10K__4_reg.tif,313,281.791,221.562,60.228999999999985,78.22959999999999,-0.23009960424187273,78.25
20200811_AWC_Is_odr1p_HEX_IAA_10K__4_reg.tif,314,281.041,223.167,57.873999999999995,78.22959999999999,-0.26020329900702543,78.5
20200811_AWC_Is_odr1p_HEX_IAA_10K__4_reg.tif,315,282.128,222.146,59.982,78.22959999999999,-0.2332569768987697,78.75
20200811_AWC_Is_odr1p_HEX_IAA_10K__4_reg.tif,316,280.93,220.521,60.40900000000002,78.22959999999999,-0.22779868489676508,79
20200811_AWC_Is_odr1p_HEX_IAA_10K__4_reg.tif,317,280.907,222.104,58.80299999999997,78.22959999999999,-0.2483279986092224,79.25
20200811_AWC_Is_odr1p_HEX_IAA_10K__4_reg.tif,318,280.983,221.521,59.46200000000002,78.22959999999999,-0.23990407722907922,79.5
20200811_AWC_Is_odr1p_HEX_IAA_10K__4_reg.tif,319,281.256,221.083,60.17299999999997,78.22959999999999,-0.23081544581590624,79.75
20200811_AWC_Is_odr1p_HEX_IAA_10K__4_reg.tif,320,281.081,220.75,60.33100000000002,78.22959999999999,-0.22879574994631158,80
20200811_AWC_Is_odr1p_HEX_IAA_10K__4_reg.tif,321,281.663,222.875,58.78800000000001,78.22959999999999,-0.2485197418879808,80.25
20200811_AWC_Is_odr1p_HEX_IAA_10K__4_reg.tif,322,281.587,221.958,59.62899999999999,78.22959999999999,-0.23776933539223008,80.5
20200811_AWC_Is_odr1p_HEX_IAA_10K__4_reg.tif,323,281.733,221.25,60.483000000000004,78.22959999999999,-0.2268527513882212,80.75
20200811_AWC_Is_odr1p_HEX_IAA_10K__4_reg.tif,324,280.424,221.417,59.00699999999998,78.22959999999999,-0.24572029001810078,81
20200811_AWC_Is_odr1p_HEX_IAA_10K__4_reg.tif,325,281.826,222.083,59.74300000000002,78.22959999999999,-0.23631208647366175,81.25
20200811_AWC_Is_odr1p_HEX_IAA_10K__4_reg.tif,326,281.076,221.917,59.15900000000002,78.22959999999999,-0.24377729146000968,81.5
20200811_AWC_Is_odr1p_HEX_IAA_10K__4_reg.tif,327,281.029,221.396,59.63300000000001,78.22959999999999,-0.23771820385122747,81.75
20200811_AWC_Is_odr1p_HEX_IAA_10K__4_reg.tif,328,281.238,221.417,59.821,78.22959999999999,-0.23531502142411562,82
20200811_AWC_Is_odr1p_HEX_IAA_10K__4_reg.tif,329,281.192,221.104,60.087999999999994,78.22959999999999,-0.23190199106220663,82.25
20200811_AWC_Is_odr1p_HEX_IAA_10K__4_reg.tif,330,280.86,221.021,59.83900000000003,78.22959999999999,-0.23508492948960452,82.5
20200811_AWC_Is_odr1p_HEX_IAA_10K__4_reg.tif,331,281.715,221.417,60.29799999999997,78.22959999999999,-0.2292175851595818,82.75
20200811_AWC_Is_odr1p_HEX_IAA_10K__4_reg.tif,332,280.994,221.333,59.66100000000003,78.22959999999999,-0.23736028306421053,83
20200811_AWC_Is_odr1p_HEX_IAA_10K__4_reg.tif,333,281.448,221.146,60.30199999999999,78.22959999999999,-0.22916645361857915,83.25
20200811_AWC_Is_odr1p_HEX_IAA_10K__4_reg.tif,334,281.826,221.938,59.888000000000034,78.22959999999999,-0.23445856811232524,83.5
20200811_AWC_Is_odr1p_HEX_IAA_10K__4_reg.tif,335,280.983,221.625,59.358000000000004,78.22959999999999,-0.24123349729514135,83.75
20200811_AWC_Is_odr1p_HEX_IAA_10K__4_reg.tif,336,281.169,221.146,60.022999999999996,78.22959999999999,-0.2327328786034953,84
20200811_AWC_Is_odr1p_HEX_IAA_10K__4_reg.tif,337,281.122,221.979,59.143,78.22959999999999,-0.24398181762401946,84.25
20200811_AWC_Is_odr1p_HEX_IAA_10K__4_reg.tif,338,280.453,221.375,59.077999999999975,78.22959999999999,-0.2448127051653085,84.5
20200811_AWC_Is_odr1p_HEX_IAA_10K__4_reg.tif,339,281.302,221.458,59.84400000000002,78.22959999999999,-0.2350210150633516,84.75
20200811_AWC_Is_odr1p_HEX_IAA_10K__4_reg.tif,340,281.384,222.146,59.23800000000003,78.22959999999999,-0.2427674435252125,85
20200811_AWC_Is_odr1p_HEX_IAA_10K__4_reg.tif,341,280.791,221.938,58.85300000000001,78.22959999999999,-0.2476888543466921,85.25
20200811_AWC_Is_odr1p_HEX_IAA_10K__4_reg.tif,342,280.895,220.271,60.623999999999995,78.22959999999999,-0.22505036456788732,85.5
20200811_AWC_Is_odr1p_HEX_IAA_10K__4_reg.tif,343,280.267,221.667,58.599999999999994,78.22959999999999,-0.250922924315093,85.75
20200811_AWC_Is_odr1p_HEX_IAA_10K__4_reg.tif,344,280.919,221.604,59.31499999999997,78.22959999999999,-0.2417831613609174,86
20200811_AWC_Is_odr1p_HEX_IAA_10K__4_reg.tif,345,280.733,220.812,59.92099999999999,78.22959999999999,-0.23403673289905613,86.25
20200811_AWC_Is_odr1p_HEX_IAA_10K__4_reg.tif,346,280.756,221.354,59.40199999999996,78.22959999999999,-0.2406710503441157,86.5
20200811_AWC_Is_odr1p_HEX_IAA_10K__4_reg.tif,347,279.785,221.167,58.61800000000002,78.22959999999999,-0.2506928323805819,86.75
20200811_AWC_Is_odr1p_HEX_IAA_10K__4_reg.tif,348,280.035,221.396,58.63900000000004,78.22959999999999,-0.2504243917903192,87
20200811_AWC_Is_odr1p_HEX_IAA_10K__4_reg.tif,349,280.209,221.062,59.14699999999999,78.22959999999999,-0.24393068608301718,87.25
20200811_AWC_Is_odr1p_HEX_IAA_10K__4_reg.tif,350,280.599,220.688,59.911,78.22959999999999,-0.23416456175156197,87.5
20200811_AWC_Is_odr1p_HEX_IAA_10K__4_reg.tif,351,280.227,221.271,58.95599999999999,78.22959999999999,-0.246372217165881,87.75
20200811_AWC_Is_odr1p_HEX_IAA_10K__4_reg.tif,352,279.785,220.854,58.93100000000001,78.22959999999999,-0.2466917892971456,88
20200811_AWC_Is_odr1p_HEX_IAA_10K__4_reg.tif,353,280.25,221.167,59.083,78.22959999999999,-0.24474879073905523,88.25
20200811_AWC_Is_odr1p_HEX_IAA_10K__4_reg.tif,354,279.733,220.25,59.483000000000004,78.22959999999999,-0.23963563663881687,88.5
20200811_AWC_Is_odr1p_HEX_IAA_10K__4_reg.tif,355,280.349,220.854,59.494999999999976,78.22959999999999,-0.2394822420158101,88.75
20200811_AWC_Is_odr1p_HEX_IAA_10K__4_reg.tif,356,279.936,220.729,59.206999999999965,78.22959999999999,-0.24316371296798178,89
20200811_AWC_Is_odr1p_HEX_IAA_10K__4_reg.tif,357,280.076,221.354,58.72200000000001,78.22959999999999,-0.24936341231452014,89.25
20200811_AWC_Is_odr1p_HEX_IAA_10K__4_reg.tif,358,279.82,221.229,58.59099999999998,78.22959999999999,-0.25103797028234853,89.5
20200811_AWC_Is_odr1p_HEX_IAA_10K__4_reg.tif,359,279.808,220.896,58.912000000000006,78.22959999999999,-0.24693466411690698,89.75
20200811_AWC_Is_odr1p_HEX_IAA_10K__4_reg.tif,360,280.157,221.667,58.48999999999998,78.22959999999999,-0.2523290416926587,90
